3.000000000000000000e+02 0.000000000000000000e+00 0.000000000000000000e+00
6.000000000000000000e+02 1.523967981534115879e+01 1.523967981534115879e+01
9.000000000000000000e+02 1.828716125696551487e+01 1.828716125696551487e+01
1.200000000000000000e+03 1.890585205135495173e+01 1.890585205135495173e+01
1.500000000000000000e+03 2.267601094114256810e+01 2.267601094114256810e+01
1.800000000000000000e+03 2.021264868408978188e+01 2.021264868408978188e+01
2.100000000000000000e+03 1.946623161126645840e+01 1.946623161126645840e+01
2.400000000000000000e+03 1.942864361431900733e+01 1.942864361431900733e+01
2.700000000000000000e+03 1.702601697571101269e+01 1.702601697571101269e+01
3.000000000000000000e+03 1.867554244569573996e+01 1.867554244569573996e+01
3.300000000000000000e+03 1.802408222597816234e+01 1.802408222597816234e+01
3.600000000000000000e+03 1.856254423388953612e+01 1.856254423388953612e+01
3.900000000000000000e+03 1.851361419026491362e+01 1.851361419026491362e+01
4.200000000000000000e+03 1.785682705443575458e+01 1.785682705443575458e+01
4.500000000000000000e+03 1.902011591428483328e+01 1.902011591428483328e+01
4.800000000000000000e+03 1.896992607304821732e+01 1.896992607304821732e+01
5.100000000000000000e+03 1.829755049880635198e+01 1.829755049880635198e+01
5.400000000000000000e+03 1.950824416525130545e+01 1.950824416525130545e+01
5.700000000000000000e+03 1.946013916917713260e+01 1.946013916917713260e+01
6.000000000000000000e+03 2.009371632171228583e+01 2.009371632171228583e+01
6.300000000000000000e+03 1.699378647161431388e+01 1.699378647161431388e+01
6.600000000000000000e+03 1.746434225167476839e+01 1.746434225167476839e+01
6.900000000000000000e+03 1.856749065045305613e+01 1.856749065045305613e+01
7.200000000000000000e+03 1.850870278000923719e+01 1.850870278000923719e+01
7.500000000000000000e+03 1.843900142104609685e+01 1.843900142104609685e+01
7.800000000000000000e+03 2.762067225592997488e+01 2.762067225592997488e+01
8.100000000000000000e+03 1.448422959664929976e+01 1.448422959664929976e+01
8.400000000000000000e+03 3.048851334071608221e+01 3.048851334071608221e+01
8.700000000000000000e+03 3.423886500948624700e+01 3.423886500948624700e+01
9.000000000000000000e+03 1.707675911096808363e+01 1.707675911096808363e+01
9.300000000000000000e+03 3.250281444279598730e+01 3.250281444279598730e+01
0.000000000000000000e+00 0.000000000000000000e+00 0.000000000000000000e+00
