3.000000000000000000e+02 5.000000000000000000e+00 8.293968859999995402e+01 2.356835999999999931e-01 8.341110939999995821e+01 2.357372000000000356e-01
6.000000000000000000e+02 5.000000000000000000e+00 9.167832639999994626e+01 2.366751999999999745e-01 8.765872059999995258e+01 2.362195999999999740e-01
9.000000000000000000e+02 5.000000000000000000e+00 9.902813499999996338e+01 2.375059999999999949e-01 9.238847259999997164e+01 2.367556000000000105e-01
1.200000000000000000e+03 5.000000000000000000e+00 1.061653749999999548e+02 2.383100000000000218e-01 9.831573759999997719e+01 2.374255999999999589e-01
1.500000000000000000e+03 5.000000000000000000e+00 1.121314999999999600e+02 2.389799999999999702e-01 1.059270783999999708e+02 2.382832000000000283e-01
1.800000000000000000e+03 5.000000000000000000e+00 1.188334455999999477e+02 2.397303999999999824e-01 1.164374815999999555e+02 2.394623999999999919e-01
2.100000000000000000e+03 5.000000000000000000e+00 1.257968965999999682e+02 2.405075999999999881e-01 1.267591413999999759e+02 2.406147999999999620e-01
2.400000000000000000e+03 5.000000000000000000e+00 1.327828863999999669e+02 2.412847999999999937e-01 1.373721349999999575e+02 2.417940000000000367e-01
2.700000000000000000e+03 5.000000000000000000e+00 1.407598773999999366e+02 2.421691999999999734e-01 1.477940535999999554e+02 2.429464000000000068e-01
3.000000000000000000e+03 5.000000000000000000e+00 1.480370133999999780e+02 2.429732000000000003e-01 1.575333495999999514e+02 2.440183999999999964e-01
3.300000000000000000e+03 5.000000000000000000e+00 1.555820599999999558e+02 2.438039999999999652e-01 1.670704485999999633e+02 2.450635999999999926e-01
3.600000000000000000e+03 5.000000000000000000e+00 1.629082399999999495e+02 2.446079999999999921e-01 1.764022149999999556e+02 2.460819999999999674e-01
3.900000000000000000e+03 5.000000000000000000e+00 1.702585399999999538e+02 2.454120000000000190e-01 1.857726805999999726e+02 2.471004000000000256e-01
4.200000000000000000e+03 5.000000000000000000e+00 1.778791893999999445e+02 2.462427999999999839e-01 1.951818453999999576e+02 2.481188000000000005e-01
4.500000000000000000e+03 5.000000000000000000e+00 1.852785333999999580e+02 2.470468000000000108e-01 2.043805855999999608e+02 2.491103999999999541e-01
4.800000000000000000e+03 5.000000000000000000e+00 1.927019973999999252e+02 2.478508000000000377e-01 2.138661303999999461e+02 2.501288000000000400e-01
5.100000000000000000e+03 5.000000000000000000e+00 2.003982495999999571e+02 2.486815999999999749e-01 2.233903743999999563e+02 2.511472000000000149e-01
5.400000000000000000e+03 5.000000000000000000e+00 2.076212853999999481e+02 2.494587999999999806e-01 2.301811173999999198e+02 2.518708000000000058e-01
5.700000000000000000e+03 5.000000000000000000e+00 2.148668599999999458e+02 2.502360000000000140e-01 2.324490399999999397e+02 2.521120000000000583e-01
6.000000000000000000e+03 5.000000000000000000e+00 2.218839735999999334e+02 2.509863999999999984e-01 2.374966399999999567e+02 2.526479999999999837e-01
6.300000000000000000e+03 5.000000000000000000e+00 2.301811173999999198e+02 2.518708000000000058e-01 2.430613815999999474e+02 2.532376000000000071e-01
6.600000000000000000e+03 5.000000000000000000e+00 2.382547045999999398e+02 2.527283999999999642e-01 2.486390943999999763e+02 2.538271999999999751e-01
6.900000000000000000e+03 5.000000000000000000e+00 2.458486165999999571e+02 2.535323999999999911e-01 2.542297783999999297e+02 2.544167999999999430e-01
7.200000000000000000e+03 5.000000000000000000e+00 2.534666485999999566e+02 2.543364000000000180e-01 2.603434999999999491e+02 2.550600000000000089e-01
7.500000000000000000e+03 5.000000000000000000e+00 2.611088005999999382e+02 2.551404000000000449e-01 2.669841183999999430e+02 2.557567999999999508e-01
7.800000000000000000e+03 5.000000000000000000e+00 2.662169685999999729e+02 2.556763999999999704e-01 2.715920823999999811e+02 2.562391999999999448e-01
8.100000000000000000e+03 5.000000000000000000e+00 2.759520213999999214e+02 2.566947999999999452e-01 2.759520213999999214e+02 2.566947999999999452e-01
8.400000000000000000e+03 5.000000000000000000e+00 2.805768693999999641e+02 2.571771999999999947e-01 2.805768693999999641e+02 2.571771999999999947e-01
8.700000000000000000e+03 5.000000000000000000e+00 2.846951349999999366e+02 2.576059999999999461e-01 2.846951349999999366e+02 2.576059999999999461e-01
9.000000000000000000e+03 5.000000000000000000e+00 2.929522485999999617e+02 2.584636000000000156e-01 2.929522485999999617e+02 2.584636000000000156e-01
9.300000000000000000e+03 5.000000000000000000e+00 2.986449334000000135e+02 2.590532000000000390e-01 2.986449334000000135e+02 2.590532000000000390e-01
0.000000000000000000e+00 0.000000000000000000e+00 3.053893749999999727e+02 2.597499999999999809e-01 3.053893749999999727e+02 2.597499999999999809e-01
